time,phoneme,target_plosives,non_target_plosives,target_vowels,vocalic
0.0,p,0.7559872,0.1215419,0.08864451,0.092350446
0.01,p,0.8561158,0.11639825,0.051719084,0.031233609
0.02,p,0.93645287,0.1690337,0.052851774,0.019944072
0.03,p,0.9762518,0.3605537,0.10989414,0.023325043
0.04,p,0.98403126,0.32853946,0.318152,0.06733247
0.05,p,0.9792973,0.31191722,0.5550537,0.22278851
0.06,p,0.9496405,0.3399101,0.7704679,0.48651236
0.07,p,0.88530374,0.2884449,0.83297354,0.7288004
0.08,p,0.6952509,0.192246,0.902595,0.88092035
0.09,a,0.4081757,0.17699906,0.92922485,0.93447655
0.1,a,0.20520207,0.20776153,0.93669903,0.9523277
0.11,a,0.10161418,0.23438099,0.94279194,0.9660971
0.12,a,0.0608496,0.215246,0.96555614,0.9734136
0.13,a,0.037817124,0.17217924,0.9806127,0.9785621
0.14,a,0.022447344,0.13793747,0.99005324,0.9836209
0.15,a,0.011830551,0.10221121,0.99431664,0.9866219
0.16,a,0.007910659,0.087316126,0.99429697,0.983928
0.17,a,0.015741134,0.08123004,0.99217826,0.97136503
0.18,a,0.08542478,0.039971262,0.9886172,0.92782354
0.19,a,0.373369,0.048736542,0.9757448,0.87126845
0.2,a,0.5801622,0.059140027,0.9563549,0.8184301
0.21,a,0.6977131,0.05919034,0.94315386,0.79076797
0.22,a,0.7828016,0.0583575,0.9209137,0.73860025
0.23,t,0.84301615,0.05782621,0.8947986,0.6680078
0.24,t,0.9005522,0.05732522,0.8608705,0.581551
0.25,t,0.9582399,0.066341735,0.771038,0.42349565
0.26,t,0.9894403,0.08530641,0.5001106,0.15563786
0.27,t,0.99661714,0.09519875,0.2389664,0.035787284
0.28,t,0.99526453,0.10391612,0.18886505,0.040552244
0.29,t,0.9793757,0.11707825,0.6886331,0.2691061
0.3,a,0.8596698,0.101808675,0.96458775,0.80367875
0.31,a,0.2754267,0.071530916,0.9936166,0.966584
0.32,a,0.060146965,0.055876553,0.9957961,0.9856994
0.33,a,0.03170391,0.1164892,0.9947861,0.9887673
0.34,a,0.029947402,0.20124172,0.9931991,0.9855621
0.35000000000000003,a,0.021222338,0.30473456,0.9875281,0.97987497
0.36,a,0.011650067,0.26473013,0.9882206,0.9836263
0.37,a,0.008343144,0.2075532,0.98796684,0.9838134
0.38,a,0.0045849914,0.20483536,0.9840756,0.9707928
0.39,a,0.009617956,0.24855438,0.97774684,0.9316706
0.4,x,0.38171983,0.17289858,0.9177325,0.8252392
0.41000000000000003,x,0.69759727,0.07189982,0.887252,0.73683614
0.42,x,0.8995592,0.03402598,0.6649302,0.4272316
0.43,k,0.9509185,0.026557973,0.37590444,0.21607853
0.44,k,0.9768096,0.023033595,0.24343905,0.120928206
0.45,k,0.9868884,0.019565968,0.19004199,0.07891884
0.46,k,0.99426115,0.019539941,0.13686942,0.040265664
0.47000000000000003,k,0.9968231,0.016964637,0.15515618,0.026526373
0.48,k,0.9971422,0.017613133,0.19518088,0.024119368
0.49,k,0.996277,0.023588168,0.19491202,0.029219238
0.5,k,0.986893,0.036688168,0.35825437,0.09238806
0.51,k,0.9095409,0.03976956,0.8307412,0.45062658
0.52,a,0.37608248,0.030619038,0.9806985,0.87737215
0.53,a,0.08772427,0.031049931,0.99226,0.97528875
0.54,a,0.032223113,0.034409508,0.99212056,0.98768234
0.55,a,0.011866956,0.03902053,0.9886636,0.9904506
0.56,a,0.007225816,0.037312444,0.9797347,0.98649615
0.5700000000000001,a,0.04819421,0.08306067,0.96438766,0.9620869
0.58,p,0.45944268,0.111292556,0.94435036,0.8942725
0.59,p,0.7550754,0.06965701,0.9325318,0.8039387
0.6,p,0.8214198,0.058857147,0.91478556,0.7362093
0.61,p,0.8268607,0.048568957,0.9150614,0.7105121
0.62,p,0.82017666,0.047030687,0.9165948,0.7005581
0.63,p,0.8220221,0.042529743,0.9100612,0.6698928
0.64,p,0.8927294,0.049825706,0.8626814,0.52005786
0.65,p,0.9416109,0.05299344,0.73948896,0.31658325
0.66,p,0.9773548,0.07956546,0.55604273,0.16322997
0.67,p,0.9899474,0.15294737,0.1728215,0.03581744
0.68,p,0.9922732,0.15266702,0.085624196,0.027720189
0.6900000000000001,p,0.9868575,0.15331762,0.18763113,0.11583573
0.7000000000000001,p,0.9776594,0.20957658,0.37758857,0.2692608
0.71,p,0.94656974,0.19412635,0.52322567,0.5740345
0.72,p,0.85506135,0.14485769,0.6301866,0.79212725
0.73,p,0.68486106,0.17469293,0.77635515,0.85271573
0.74,p,0.44209683,0.3487093,0.8628659,0.8732395
0.75,a,0.20101276,0.44321868,0.9078425,0.9022193
0.76,a,0.059181288,0.39758945,0.94129246,0.946502
0.77,a,0.020427942,0.322721,0.95806867,0.9708589
0.78,a,0.008691691,0.27502298,0.97462153,0.97439283
0.79,a,0.0080947215,0.23795713,0.97760206,0.94920814
0.8,a,0.056430113,0.20610864,0.970379,0.92566603
0.81,a,0.059914418,0.09974336,0.97910124,0.93408555
0.8200000000000001,a,0.20049328,0.064653486,0.9713723,0.9009173
0.8300000000000001,a,0.62969065,0.056923833,0.9489728,0.8261266
0.84,p,0.76973444,0.053130735,0.93529916,0.7925462
0.85,p,0.82617617,0.046550106,0.92805636,0.7629241
0.86,p,0.83449537,0.043768615,0.92692435,0.7475474
0.87,p,0.87134945,0.039626446,0.9131341,0.7087881
0.88,p,0.9208699,0.03593744,0.8786625,0.6212194
0.89,p,0.96693736,0.038336016,0.7770117,0.40571702
0.9,p,0.9916367,0.048503704,0.50399566,0.16274096
0.91,t,0.99621874,0.049740303,0.35819048,0.069814876
0.92,t,0.99306995,0.052589722,0.43968448,0.10413107
0.93,a,0.9719938,0.055929434,0.80995864,0.41478267
0.9400000000000001,a,0.8434018,0.044099405,0.97283393,0.79670835
0.9500000000000001,a,0.44409347,0.03481092,0.99242854,0.94233876
0.96,a,0.22941494,0.039439607,0.99448216,0.9694963
0.97,a,0.15113178,0.05663351,0.99439913,0.9746717
0.98,a,0.09691996,0.072026834,0.9941713,0.9785619
0.99,a,0.03512189,0.06268723,0.9961286,0.9884939
1.0,a,0.014212502,0.054677453,0.9967501,0.991542
1.01,a,0.009774706,0.054170534,0.9961047,0.9903641
1.02,a,0.020833358,0.044250447,0.9956622,0.9834491
1.03,a,0.11830624,0.036768347,0.9925888,0.9506572
1.04,k,0.49774632,0.033115067,0.9774162,0.8896423
1.05,k,0.699056,0.028856967,0.95255417,0.8059008
1.06,k,0.8071687,0.02780235,0.91623026,0.7030768
1.07,k,0.8708142,0.027089693,0.8679347,0.5941597
1.08,k,0.9227462,0.026730154,0.8414414,0.49518865
1.09,k,0.9572156,0.028690794,0.7686705,0.36231223
1.1,k,0.97559196,0.04901769,0.679919,0.25177133
1.11,k,0.9871201,0.040065166,0.6653758,0.19932267
1.12,k,0.99359727,0.042040225,0.5168121,0.099560335
1.1300000000000001,k,0.9888277,0.055014595,0.680743,0.093959786
1.1400000000000001,k,0.9245934,0.06449274,0.8446739,0.4535029
1.1500000000000001,a,0.41155347,0.057281073,0.9791601,0.86784565
1.16,a,0.094529435,0.04728416,0.9931218,0.9689611
1.17,a,0.032818362,0.0641871,0.9909507,0.98164755
1.18,a,0.008288493,0.09760292,0.9825731,0.98024803
1.19,a,0.005900454,0.16508594,0.9756308,0.955505
1.2,a,0.36058,0.21454395,0.8446728,0.7964291
1.21,p,0.5207711,0.09899625,0.8786293,0.80025345
1.22,p,0.69087154,0.077519715,0.88332564,0.7575695
1.23,p,0.7657188,0.061676834,0.86722594,0.7052549
1.24,p,0.82619524,0.060653858,0.85321075,0.6480648
1.25,p,0.862505,0.060651224,0.8279776,0.5743182
1.26,p,0.9057533,0.07598772,0.7576307,0.41954166
1.27,p,0.94992125,0.09136477,0.56145906,0.23168145
1.28,p,0.97655773,0.13537261,0.30253163,0.10109501
1.29,p,0.98909223,0.17518236,0.07297136,0.03680876
1.3,p,0.9850828,0.1471595,0.096965015,0.08444369
1.31,p,0.979805,0.19596872,0.24105936,0.21485087
1.32,p,0.9646233,0.19108434,0.43853,0.46138313
1.33,p,0.91846716,0.11738452,0.64274293,0.75831175
1.34,p,0.7747532,0.08550406,0.819691,0.88865614
1.35,a,0.4798098,0.108261205,0.9210294,0.9174768
1.36,a,0.17567842,0.099122725,0.96753746,0.94742346
1.37,a,0.05581266,0.09354588,0.9863366,0.96626776
1.3800000000000001,a,0.012958341,0.09531269,0.9936457,0.97891927
1.3900000000000001,a,0.00483115,0.07559892,0.9946212,0.9842052
1.4000000000000001,a,0.008981655,0.062700555,0.992793,0.97435105
1.41,a,0.07438622,0.04563561,0.98643863,0.92722
1.42,a,0.4441847,0.044614315,0.95999956,0.7874454
1.43,a,0.79960847,0.053325195,0.8876163,0.6556567
1.44,a,0.85919833,0.053252876,0.8453613,0.56895775
1.45,a,0.9039004,0.04921347,0.78416145,0.45071864
1.46,t,0.9363196,0.045725893,0.70974845,0.3968189
1.47,t,0.96505857,0.043109152,0.5916601,0.31070614
1.48,t,0.9872154,0.03629599,0.40659228,0.1535173
1.49,t,0.9960834,0.034497898,0.2810296,0.053205814
1.5,t,0.9972475,0.040502377,0.1579118,0.025073418
1.51,t,0.994822,0.045320734,0.21564303,0.035831902
1.52,t,0.9736036,0.05568244,0.6871642,0.241343
1.53,a,0.7412451,0.051517483,0.9726852,0.8249065
1.54,a,0.14888348,0.037416022,0.99545765,0.9749558
1.55,a,0.05218204,0.054828066,0.99685544,0.9844385
1.56,a,0.027628524,0.097777925,0.99603146,0.9855453
1.57,a,0.012505631,0.14719638,0.99351704,0.98541844
1.58,a,0.006041552,0.17103969,0.9912778,0.98205566
1.59,a,0.0061725806,0.19261064,0.9881856,0.9629389
1.6,a,0.033659276,0.18393752,0.9754602,0.92422575
1.61,a,0.04765399,0.091128126,0.98579484,0.949375
1.62,a,0.41248062,0.060677744,0.97898555,0.89612603
1.6300000000000001,k,0.82873255,0.040713787,0.92269593,0.69360715
1.6400000000000001,k,0.9197236,0.037259724,0.74307156,0.4239745
1.6500000000000001,k,0.96899486,0.031989805,0.4593104,0.19395493
1.6600000000000001,k,0.9800479,0.023275053,0.48909935,0.15143906
1.67,k,0.9839633,0.019177008,0.42773134,0.1091523
1.68,k,0.98752636,0.019438652,0.23147154,0.050325368
1.69,k,0.9891208,0.022157785,0.116216406,0.02517326
1.7,k,0.9792004,0.030131968,0.2612622,0.05900312
1.71,k,0.9222536,0.04498211,0.74378395,0.30489513
1.72,a,0.50822026,0.057451565,0.97682977,0.8496546
1.73,a,0.10176495,0.05087928,0.9959887,0.9791362
1.74,a,0.031380184,0.04033814,0.997709,0.9921343
1.75,a,0.011839929,0.043140873,0.9966394,0.9941187
1.76,a,0.0075838347,0.05031944,0.9908514,0.9905314
1.77,a,0.0183006,0.06897969,0.97815746,0.9776184
1.78,a,0.2537525,0.100539446,0.9585824,0.93646413
1.79,p,0.7798083,0.09662139,0.92674917,0.7906693
1.8,p,0.8587481,0.077642225,0.8916988,0.6722249
1.81,p,0.871493,0.06314243,0.87988305,0.5949792
1.82,p,0.8681701,0.05725525,0.85532504,0.52187276
1.83,p,0.8864856,0.056654014,0.79303503,0.41113394
1.84,p,0.92092675,0.06307653,0.6976679,0.31363362
1.85,p,0.95977515,0.074118234,0.50899523,0.17881443
1.86,p,0.98356694,0.1221478,0.30304497,0.08008683
1.87,p,0.9915533,0.17148402,0.07779027,0.029815782
1.8800000000000001,p,0.988751,0.1518688,0.10628898,0.076027334
1.8900000000000001,p,0.983433,0.17904459,0.24226885,0.1865154
1.9000000000000001,p,0.971346,0.21645844,0.6310834,0.39508525
1.9100000000000001,p,0.9157348,0.13115045,0.77063566,0.7460603
1.92,p,0.694674,0.110609554,0.87660533,0.8891013
1.93,a,0.29519618,0.13291082,0.95259476,0.940475
1.94,a,0.06476694,0.15947855,0.98324335,0.96761394
1.95,a,0.012450874,0.18215458,0.99042386,0.97745645
1.96,a,0.005382002,0.1770169,0.9907529,0.9792334
1.97,a,0.0037559955,0.15499058,0.989392,0.97438914
1.98,a,0.0043454836,0.18993573,0.9843844,0.9457836
1.99,a,0.014880012,0.37008873,0.96620816,0.85131645
2.0,a,0.45755318,0.10157222,0.88814825,0.73526686
2.0100000000000002,t,0.7469658,0.047919713,0.84021604,0.61349326
2.02,t,0.8656064,0.038652,0.7621489,0.50584316
2.0300000000000002,t,0.91012937,0.035426613,0.7007216,0.41176677
2.04,t,0.9307941,0.03489332,0.6377731,0.34727216
2.05,t,0.9637124,0.038329627,0.50885653,0.25646883
2.06,t,0.98948294,0.05063701,0.28235623,0.09913569
2.07,t,0.9964606,0.055328693,0.23087363,0.046883263
2.08,t,0.9956931,0.054952964,0.22965093,0.048011128
2.09,t,0.98334026,0.05700622,0.5349907,0.17920281
2.1,a,0.88443464,0.05137684,0.9153599,0.6368172
2.11,a,0.4280592,0.032805953,0.98901844,0.9245008
2.12,a,0.12628,0.027835816,0.99554414,0.9778134
2.13,a,0.06501076,0.061207335,0.9947257,0.9788548
2.14,a,0.05131457,0.12465957,0.99321496,0.96785533
2.15,a,0.042293925,0.19806132,0.991638,0.9581228
2.16,a,0.019299807,0.24059741,0.9900535,0.95265996
2.17,a,0.011004064,0.19850849,0.9907366,0.9594544
2.18,a,0.013055587,0.13316214,0.9918315,0.963021
2.19,a,0.0673842,0.089680225,0.9892617,0.94834596
2.2,k,0.40427625,0.060893957,0.9694111,0.851001
2.21,k,0.8749046,0.04557161,0.79473376,0.5096871
2.22,k,0.94742155,0.038476247,0.44122872,0.18925822
2.23,k,0.976682,0.032541897,0.24424675,0.08893075
2.24,k,0.98906076,0.022245212,0.1479362,0.04471194
2.25,k,0.9945922,0.019148273,0.17816801,0.030805197
2.2600000000000002,k,0.9950869,0.016423987,0.18105885,0.02509747
2.27,k,0.9944312,0.01642066,0.10978655,0.01950072
2.2800000000000002,k,0.98984104,0.025100807,0.21593516,0.044331815
2.29,k,0.95417404,0.042693228,0.6483903,0.24192326
2.3000000000000003,k,0.5599884,0.05495076,0.97203296,0.8274707
2.31,a,0.081686184,0.05814594,0.9969181,0.97821176
2.32,a,0.024214584,0.049646057,0.9982437,0.99115294
2.33,a,0.0098402705,0.0662203,0.9970074,0.9925282
2.34,a,0.0057761953,0.110946134,0.99297166,0.98739016
2.35,a,0.010232484,0.1850808,0.984104,0.97002685
2.36,a,0.086974844,0.26862082,0.97062767,0.9274797
2.37,a,0.49483648,0.24442564,0.94572085,0.85658467
2.38,p,0.75635576,0.21323127,0.86105597,0.6523644
2.39,p,0.8510207,0.34940234,0.71683615,0.42270923
2.4,p,0.7547669,0.08307072,0.6250295,0.4421023
2.41,p,0.8278148,0.060716033,0.5329494,0.32993823
2.42,p,0.90208024,0.059060395,0.4899764,0.25610945
2.43,p,0.9544404,0.07118058,0.3915,0.15792833
2.44,p,0.98285556,0.13409103,0.13829947,0.044085536
2.45,p,0.9928432,0.15925893,0.055561703,0.017062077
2.46,p,0.99108875,0.13401675,0.13221747,0.06537433
2.47,p,0.9835833,0.15620087,0.3480022,0.21924943
2.48,p,0.9460182,0.095884316,0.65176547,0.6364998
2.49,p,0.71786237,0.042895414,0.8330452,0.9217626
2.5,a,0.30123526,0.04662555,0.93181914,0.96764237
2.5100000000000002,a,0.0813225,0.094957255,0.9628156,0.97310865
2.52,a,0.038896892,0.13647795,0.9842318,0.9739755
2.5300000000000002,a,0.017353006,0.1443308,0.9929243,0.9763521
2.54,a,0.0101110935,0.121426925,0.9930563,0.9725121
2.5500000000000003,a,0.02461209,0.10672227,0.98949003,0.9469811
2.56,a,0.2767086,0.06579741,0.97305983,0.8265633
2.57,a,0.78988093,0.064105876,0.8992023,0.61669606
2.58,k,0.89432216,0.057536125,0.7832586,0.43404087
2.59,k,0.93309534,0.050334465,0.7155125,0.35997516
2.6,k,0.94800043,0.046314094,0.67921543,0.33313987
2.61,t,0.96427613,0.04032154,0.60505,0.27547085
2.62,t,0.982857,0.039246455,0.43639186,0.17673238
2.63,t,0.9946477,0.04337243,0.24775346,0.064242385
2.64,t,0.9982182,0.054264057,0.16727056,0.026503216
2.65,t,0.99772346,0.06470636,0.17374393,0.026812661
2.66,t,0.99268466,0.06456306,0.4099316,0.09273845
2.67,a,0.9536118,0.054940414,0.86095226,0.47824246
2.68,a,0.5062517,0.037872635,0.98518664,0.90562105
2.69,a,0.13109125,0.02964209,0.99439734,0.975744
2.7,a,0.04905475,0.045537647,0.99595505,0.9856527
2.71,a,0.021734225,0.060289048,0.9961911,0.9904568
2.72,a,0.010445165,0.06882917,0.99553585,0.9915672
2.73,a,0.017542785,0.10149711,0.9923112,0.98555
2.74,a,0.05667609,0.12731612,0.98648167,0.96363044
2.75,a,0.24135078,0.08736603,0.9781052,0.9079213
2.7600000000000002,a,0.6255383,0.088918984,0.9318237,0.7596781
2.77,a,0.7643297,0.10231594,0.8507762,0.59003717
2.7800000000000002,p,0.8250436,0.1366673,0.6511393,0.3719228
2.79,p,0.86144114,0.21691422,0.49527904,0.24397165
2.8000000000000003,k,0.9710273,0.029605001,0.08052512,0.053608917
2.81,k,0.9848568,0.017467787,0.061699104,0.026916513
2.82,k,0.9913227,0.020884635,0.20926757,0.037953943
2.83,k,0.99056804,0.018168265,0.42887956,0.07227671
2.84,k,0.9907234,0.01573254,0.5867187,0.0898109
2.85,k,0.99144197,0.01628496,0.6127576,0.08409366
2.86,k,0.9850303,0.025346162,0.712349,0.14282158
2.87,k,0.9077366,0.039246064,0.89920616,0.49903756
2.88,a,0.5578372,0.04062194,0.9709911,0.86930746
2.89,a,0.18838516,0.0511899,0.9862926,0.96432304
2.9,a,0.08096379,0.06767526,0.99135697,0.9807197
2.91,a,0.03771799,0.07864531,0.99071497,0.987424
2.92,a,0.01660775,0.07849468,0.9912114,0.98970747
2.93,a,0.01290127,0.07784157,0.9906436,0.98591304
2.94,a,0.0118884975,0.08266604,0.9894676,0.97438926
2.95,a,0.01434199,0.08167953,0.9859631,0.955578
2.96,a,0.019772056,0.07327218,0.97972304,0.9306888
2.97,a,0.04908948,0.07307112,0.9601956,0.8787257
2.98,a,0.08292102,0.06867857,0.92889637,0.82995605
2.99,a,0.11743179,0.04323511,0.923396,0.8339772
3.0,a,0.13846952,0.028594702,0.9022305,0.8017405
3.0100000000000002,<p:>,0.13810945,0.023243811,0.8720128,0.7607811
3.02,<p:>,0.12251232,0.017640209,0.8255745,0.66778624
3.0300000000000002,<p:>,0.11031076,0.013241121,0.76029396,0.56660676
3.04,<p:>,0.09758918,0.010140916,0.7047996,0.5240057
3.0500000000000003,<p:>,0.0897006,0.0075238864,0.5975881,0.4535051
3.06,<p:>,0.08495243,0.0056713787,0.46935093,0.3567525
3.0700000000000003,<p:>,0.08390013,0.0048442786,0.31441262,0.23508991
3.08,<p:>,0.08826428,0.004893549,0.22459203,0.16461796
3.09,<p:>,0.09931748,0.005254785,0.21651484,0.15034847
3.1,<p:>,0.1200999,0.0058266344,0.2661957,0.1739568
3.11,<p:>,0.1617681,0.007705171,0.44648498,0.27705526
3.12,<p:>,0.21869288,0.009603904,0.47892636,0.2980933
3.13,<p:>,0.3263717,0.014324017,0.4189147,0.253218
3.14,<p:>,0.4884381,0.021116486,0.21084823,0.12185774
