time,phoneme,consonantal,nasal,back
0.0,DH,0.6006081,0.036620986,0.13209672
0.01,DH,0.83379763,0.028676083,0.10002623
0.02,DH,0.9217565,0.023239035,0.12516601
0.03,DH,0.9555894,0.016665196,0.25288135
0.04,DH,0.96357906,0.016187778,0.54461026
0.05,DH,0.9152513,0.004914963,0.8377326
0.06,AH,0.41482148,0.0028002667,0.978696
0.07,AH,0.039480172,0.0012885524,0.9964839
0.08,AH,0.013703122,0.0016009538,0.9978787
0.09,AH,0.08172901,0.008717604,0.99448943
0.1,AH,0.5645196,0.06281567,0.9572048
0.11,B,0.94390994,0.0827724,0.5555516
0.12,B,0.97999084,0.0864632,0.077442914
0.13,B,0.97875184,0.120890014,0.039289735
0.14,B,0.95481825,0.07383631,0.08399637
0.15,B,0.8834022,0.04413703,0.2721128
0.16,B,0.69871247,0.028159564,0.4776161
0.17,EH,0.5124165,0.020272413,0.5780923
0.18,EH,0.2800408,0.011362367,0.6207124
0.19,EH,0.14618959,0.0050299647,0.60380656
0.2,EH,0.08968636,0.0018472817,0.5131913
0.21,EH,0.073027626,0.0011415358,0.40507546
0.22,EH,0.06684459,0.0006201784,0.28763238
0.23,EH,0.060514078,0.0004607783,0.2144361
0.24,EH,0.06479939,0.00038273787,0.19627294
0.25,EH,0.05571407,0.000816199,0.15737319
0.26,AE,0.077122554,0.0032629163,0.15492287
0.27,AE,0.18952714,0.046379358,0.18339276
0.28,AE,0.51746297,0.1813857,0.20436096
0.29,AE,0.7996384,0.10569382,0.11516567
0.3,K,0.92545927,0.043308508,0.028839467
0.31,K,0.9319502,0.019979615,0.00922534
0.32,K,0.90148026,0.0060967472,0.0045412676
0.33,K,0.8427863,0.0018708417,0.0038728223
0.34,K,0.76708,0.0009910016,0.004331266
0.35000000000000003,K,0.6427131,0.0005876811,0.004637702
0.36,sp,0.5004489,0.00029789907,0.0054862686
0.37,sp,0.4024852,0.00015067082,0.008091116
0.38,sp,0.369789,0.00014949177,0.015094851
0.39,sp,0.38488168,0.00032305098,0.037256025
0.4,T,0.761589,0.14202985,0.1528894
0.41000000000000003,T,0.79179615,0.07713066,0.09065613
0.42,DH,0.80287176,0.050056793,0.080230735
0.43,DH,0.78747785,0.038590055,0.11983387
0.44,DH,0.7320158,0.028276429,0.31219593
0.45,AH,0.3544654,0.0053469827,0.7403505
0.46,AH,0.055480674,0.0008109049,0.9285909
0.47000000000000003,IH,0.022168707,0.00047200557,0.9503579
0.48,IH,0.039634995,0.0006272069,0.93902427
0.49,AH,0.07976976,0.0008503299,0.88467026
0.5,AH,0.17057133,0.0008069586,0.74707156
0.51,TH,0.2681091,0.00084966247,0.5680416
0.52,TH,0.33496878,0.00070080796,0.42118546
0.53,sp,0.36870006,0.0007071182,0.33393413
0.54,sp,0.3683584,0.00070330926,0.27646273
0.55,sp,0.36254662,0.00076820183,0.23066
0.56,sp,0.36612305,0.0008188008,0.17169741
0.5700000000000001,sp,0.46924296,0.0010561269,0.15653461
0.58,sp,0.66042566,0.0014568196,0.14300983
0.59,sp,0.77618444,0.0021910854,0.13968831
0.6,sp,0.85053074,0.0025131293,0.13519791
0.61,sp,0.8888181,0.0015816235,0.10688035
0.62,F,0.89184564,0.0010063095,0.11516275
0.63,F,0.84683955,0.0010122606,0.14567976
0.64,F,0.61760896,0.0011386566,0.23033267
0.65,F,0.29433388,0.0018507573,0.30951896
0.66,AE,0.10364636,0.0023953007,0.35699221
0.67,AE,0.03927679,0.0024870278,0.32253277
0.68,AE,0.018571004,0.0026252961,0.248507
0.6900000000000001,AE,0.012708143,0.002309216,0.20107229
0.7000000000000001,AE,0.01114558,0.0023210326,0.15406817
0.71,AE,0.009125249,0.001790461,0.13672753
0.72,AE,0.0068650558,0.0013406179,0.12613387
0.73,AE,0.0055037723,0.0009956303,0.14093728
0.74,AE,0.004893187,0.0010721995,0.1366908
0.75,AE,0.005019421,0.0017721613,0.14910725
0.76,AE,0.006521579,0.0032005021,0.16432144
0.77,AE,0.011522261,0.007868029,0.16308592
0.78,AE,0.026578337,0.025947172,0.17572798
0.79,AE,0.057081178,0.08771402,0.18258598
0.8,NG,0.21684392,0.64376193,0.5981492
0.81,NG,0.19952708,0.6762404,0.6394385
0.8200000000000001,NG,0.22945231,0.77005255,0.6499038
0.8300000000000001,NG,0.335583,0.8863504,0.5795688
0.84,NG,0.4975338,0.9466055,0.46474653
0.85,N,0.6200784,0.9714626,0.3715248
0.86,N,0.81353056,0.98665214,0.22063388
0.87,N,0.9264058,0.98902637,0.09506465
0.88,N,0.967579,0.97611326,0.03481223
0.89,D,0.97829926,0.9082256,0.010900877
0.9,D,0.9765425,0.61235,0.0054972228
0.91,DH,0.9750473,0.18008175,0.011507651
0.92,DH,0.96472114,0.048291963,0.07734389
0.93,DH,0.88938487,0.016388223,0.45852706
0.9400000000000001,AH,0.58164066,0.0074859113,0.8632788
0.9500000000000001,AH,0.13770059,0.002468212,0.96480757
0.96,AH,0.047739618,0.0014615316,0.98044294
0.97,AH,0.048268795,0.003830418,0.9757756
0.98,AH,0.10984151,0.012756599,0.9606248
0.99,AH,0.22021846,0.027446156,0.9311663
1.0,AH,0.24580215,0.0318738,0.90489113
1.01,K,0.2391675,0.035629075,0.8861816
1.02,K,0.21190837,0.0281328,0.8650802
1.03,K,0.18801755,0.019061437,0.8568483
1.04,K,0.19882345,0.010672939,0.8496369
1.05,K,0.24763134,0.0060195746,0.8375513
1.06,K,0.3084066,0.0044370624,0.8327975
1.07,K,0.34032267,0.0046896753,0.8229546
1.08,AH,0.19634156,0.0028825935,0.8104298
1.09,AH,0.11987347,0.0022404757,0.81883186
1.1,AH,0.08507228,0.0015089336,0.7869032
1.11,AH,0.064582065,0.0009342503,0.6964351
1.12,AH,0.055281762,0.0006361688,0.5873348
1.1300000000000001,AH,0.051755704,0.0004530823,0.44934532
1.1400000000000001,AH,0.043882273,0.0003642097,0.3624819
1.1500000000000001,EH,0.034911875,0.0003842227,0.32327524
1.16,EH,0.025562363,0.00040322528,0.27727363
1.17,EH,0.02301608,0.00080358697,0.24726413
1.18,EH,0.029968632,0.002943325,0.23482312
1.19,EH,0.05381649,0.015573562,0.23444125
1.2,AY,0.12981804,0.3380794,0.6205797
1.21,AY,0.116745174,0.31556433,0.66450644
1.22,V,0.18432026,0.48322842,0.7010797
1.23,V,0.42091125,0.67621183,0.5593502
1.24,DH,0.7779636,0.63173825,0.23277575
1.25,DH,0.9209039,0.33923087,0.064752184
1.26,DH,0.96942747,0.17867067,0.017880237
1.27,DH,0.9795721,0.09233654,0.012892796
1.28,DH,0.9854535,0.018841742,0.023885073
1.29,DH,0.97374743,0.005097798,0.121696055
1.3,DH,0.84749347,0.004391565,0.7610027
1.31,AH,0.13048942,0.0032499093,0.98705006
1.32,AH,0.055430144,0.009302468,0.9940671
1.33,AH,0.16174024,0.026544062,0.9873247
1.34,AH,0.53187037,0.038815305,0.9380859
1.35,P,0.8405799,0.03605488,0.7183523
1.36,P,0.9372312,0.03000651,0.3891558
1.37,P,0.96618694,0.031465374,0.16459465
1.3800000000000001,P,0.9688053,0.026054623,0.09706134
1.3900000000000001,P,0.97098565,0.010243762,0.06175439
1.4000000000000001,P,0.9609428,0.0050743134,0.057317637
1.41,P,0.90023434,0.004949883,0.109591305
1.42,K,0.5479624,0.0033410236,0.26271355
1.43,K,0.19963649,0.003957377,0.31280395
1.44,EH,0.07452285,0.004500691,0.31486046
1.45,EH,0.03767225,0.003059409,0.2808831
1.46,EH,0.020372607,0.0020964225,0.29400578
1.47,EH,0.010744708,0.0019585767,0.24580146
1.48,EH,0.007844294,0.0030209855,0.21750824
1.49,EH,0.009996436,0.00649715,0.23031986
1.5,EH,0.024587756,0.02361013,0.25757256
1.51,EH,0.06645222,0.073708475,0.31957257
1.52,T,0.1894999,0.11000186,0.35907206
1.53,T,0.4084506,0.05045512,0.2950595
1.54,T,0.6997582,0.024349213,0.12318569
1.55,P,0.7713351,0.029660715,0.05908654
1.56,P,0.7693979,0.046383224,0.03663709
1.57,P,0.7519877,0.07899995,0.03494689
1.58,P,0.7381464,0.12420521,0.0415266
1.59,P,0.7253584,0.20688196,0.06806797
1.6,D,0.700652,0.31809816,0.1322589
1.61,D,0.7550589,0.42931435,0.06197109
1.62,sp,0.7238305,0.25874045,0.05663044
1.6300000000000001,sp,0.6455018,0.10507653,0.0829381
1.6400000000000001,sp,0.65158314,0.023789035,0.061276034
1.6500000000000001,S,0.6821439,0.0074397093,0.04404669
1.6600000000000001,S,0.67051876,0.002176027,0.07175007
1.67,S,0.5257483,0.0011047976,0.1752512
1.68,S,0.28935608,0.0014885376,0.30167893
1.69,S,0.06875724,0.0011858474,0.4870816
1.7,AA,0.027975813,0.00095843326,0.5481464
1.71,AA,0.01437395,0.0007209817,0.5157004
1.72,AA,0.009647935,0.00063613604,0.45899528
1.73,AA,0.007544841,0.00046312402,0.344229
1.74,AA,0.0064981068,0.00043395566,0.2695551
1.75,AA,0.007197126,0.0007457052,0.18370284
1.76,AA,0.008481685,0.0020796836,0.12368852
1.77,AA,0.01428597,0.006972965,0.103575416
1.78,AA,0.03699994,0.04002467,0.12218628
1.79,AA,0.11213299,0.20080827,0.15148327
1.8,AA,0.27464598,0.41183904,0.15239519
1.81,K,0.51488596,0.38251874,0.13987076
1.82,K,0.711337,0.35319844,0.118789695
1.83,K,0.8528556,0.2752187,0.08532917
1.84,K,0.90997666,0.20098007,0.056654543
1.85,K,0.9126544,0.16748932,0.047278006
1.86,K,0.8997981,0.14926422,0.042981256
1.87,K,0.87182057,0.0938127,0.031583883
1.8800000000000001,K,0.8397483,0.049717348,0.027061662
1.8900000000000001,K,0.8058798,0.036186744,0.030910458
1.9000000000000001,TH,0.7676215,0.021849222,0.029389162
1.9100000000000001,TH,0.69739825,0.0059046196,0.017823294
1.92,TH,0.570467,0.0011906709,0.0196747
1.93,TH,0.44860715,0.00040266084,0.024812153
1.94,sp,0.40143123,0.00038844734,0.0425433
1.95,sp,0.37368798,0.0010747049,0.08235661
1.96,sp,0.3691401,0.0025258125,0.16683103
1.97,sp,0.3561539,0.0043226313,0.25415826
1.98,sp,0.36587778,0.0074049067,0.321485
1.99,sp,0.39361897,0.015190945,0.3667935
2.0,sp,0.29020143,0.25040802,0.34186324
2.0100000000000002,T,0.27977428,0.4856251,0.31034175
2.02,T,0.2702753,0.35408565,0.27495307
2.0300000000000002,T,0.2664896,0.24712819,0.25276804
2.04,sp,0.24465996,0.12794252,0.24558958
2.05,sp,0.23372258,0.090355836,0.22514442
2.06,sp,0.24240306,0.08069994,0.17037033
2.07,sp,0.23646751,0.07078186,0.12766822
2.08,sp,0.20629856,0.074218936,0.11546111
2.09,sp,0.16690002,0.09480305,0.12532507
2.1,sp,0.1697977,0.12985426,0.14204127
2.11,sp,0.17545094,0.17254306,0.1410765
2.12,sp,0.17756692,0.21934383,0.13879175
2.13,sp,0.17245346,0.24732134,0.11956686
2.14,sp,0.17009598,0.25878242,0.100346304
2.15,sp,0.16120708,0.24383786,0.07717012
2.16,sp,0.1589174,0.23627535,0.058152616
2.17,sp,0.16808778,0.22732443,0.041566133
2.18,sp,0.18138379,0.22065571,0.032490894
2.19,sp,0.1798391,0.2158248,0.026852587
2.2,sp,0.14216919,0.11428835,0.017452884
2.21,sp,0.14275147,0.08761746,0.012717786
2.22,sp,0.15677635,0.06985212,0.009251902
